1 0.450658 0.703008 0.166353 0.172932
1 0.173402 0.790100 0.269737 0.141604
1 0.186560 0.679825 0.226504 0.061404
1 0.543233 0.463659 0.078947 0.095238
1 0.587876 0.453634 0.066729 0.072682
1 0.619361 0.444236 0.062030 0.058897
1 0.646147 0.436090 0.061090 0.042607
1 0.673402 0.434837 0.072368 0.057644
1 0.701598 0.420426 0.062970 0.043860
1 0.717575 0.411028 0.047932 0.045113
1 0.730733 0.407895 0.053571 0.036341
1 0.482613 0.516291 0.091165 0.105263
1 0.619361 0.598371 0.092105 0.116541
1 0.949718 0.511278 0.100564 0.090226
1 0.939380 0.429825 0.111842 0.042607
1 0.757989 0.397243 0.070489 0.057644
1 0.775846 0.394110 0.062970 0.048872
1 0.788534 0.382206 0.058271 0.035088
1 0.158365 0.598997 0.198308 0.050125
1 0.172462 0.544486 0.177632 0.063910
1 0.410244 0.630952 0.168233 0.106516
1 0.348684 0.362155 0.050752 0.035088
1 0.148026 0.374060 0.047932 0.043860
