1 0.6720430107526881 0.48336693548387105 0.04032258064516128 0.19455645161290328
1 0.07762096774193548 0.49798387096774194 0.06787634408602151 0.35685483870967744
1 0.17741930455636332 0.48437495360584054 0.0725806451612903 0.29737903225806456
1 0.21908599407864193 0.5468748492189817 0.04301075268817204 0.19455645161290314
1 0.7342069892473116 0.4788306451612903 0.023521505376344152 0.1391129032258064
1 0.730510752688172 0.36239919354838707 0.061827956989247354 0.0816532258064516
1 0.7247983870967741 0.3029233870967742 0.07459677419354832 0.05745967741935484
1 0.8030913978494624 0.47883064516129037 0.04032258064516128 0.1350806451612903
1 0.9008736559139785 0.5246975806451613 0.03158602150537618 0.17842741935483872
1 0.7862902860116663 0.4380041018493038 0.05645161290322591 0.22681451612903228
