1 0.7423843876008064 0.515625 0.021421370967741923 0.4122983870967743
1 0.6302568989415324 0.44657258064516125 0.03815681703629032 0.5685483870967741
1 0.5382119455645161 0.5690524193548387 0.01740486391129032 0.283266129032258
1 0.02711142263104839 0.5922379032258064 0.01941311743951613 0.18649193548387097
1 0.05422284526209678 0.6265120967741935 0.014727192540322589 0.13608870967741937
1 0.13354885962701613 0.6244959677419355 0.07162770917338708 0.21673387096774208
1 0.20249889742943553 0.6396169354838709 0.03681798135080644 0.15221774193548385
1 0.23262270035282256 0.5725806451612904 0.019413117439516122 0.2741935483870968
1 0.2634159211189516 0.5246975806451613 0.020751953125 0.3457661290322582
1 0.27914725863645296 0.5851814284158234 0.0267767137096774 0.2106854838709677
1 0.2958826864919355 0.6199596774193549 0.02276020665322573 0.0987903225806452
1 0.3437460622479838 0.5695564516129032 0.016735446068548397 0.09677419354838712
1 0.3567997101814517 0.5962701612903225 0.022760206653225836 0.07963709677419359
1 0.4046630859375 0.5751008064516129 0.015396610383064556 0.07963709677419345
1 0.5013939642137097 0.5866935483870968 0.012049521169354805 0.21975806451612903
1 0.5261624243951613 0.6088709677419354 0.013388356854838648 0.1915322580645161
1 0.5733563823084677 0.609375 0.012718939012096798 0.15625
1 0.5649886592741936 0.6355846774193549 0.012049521169354876 0.09979838709677416
1 0.5646539503528226 0.6234879032258064 0.008702431955645266 0.12197580645161281
1 0.4709354523689517 0.6194556451612903 0.011380103326612883 0.045362903225806335
1 0.47428254158266125 0.6043346774193549 0.010041267641129038 0.059475806451612885
1 0.46792307207661293 0.5871975806451613 0.028115549395161282 0.09979838709677416
1 0.7135994203629034 0.6365927419354839 0.009371849798387046 0.10383064516129024
1 0.7146035471270161 0.6129032258064516 0.012718939012096798 0.10887096774193551
1 0.8397846837197582 0.628024193548387 0.008702431955645266 0.08870967741935487
1 0.84982596046742 0.6260080529175892 0.015396610383064484 0.07862903225806463
1 0.7745164440524195 0.6320564516129032 0.022760206653225767 0.11088709677419352
1 0.6657360446068549 0.65625 0.023429624495967687 0.1189516129032257
0 0.6717608051915324 0.5539314516129032 0.02476846018145153 0.04133064516129025
