1 0.20532099479467902 0.338570785939207 0.07403123192596876 0.20872694556905086
1 0.3351648154949969 0.38329800707761985 0.053788316946211695 0.14806246385193764
1 0.40717177559282824 0.40180579654263865 0.034702139965297786 0.08842619368935153
1 0.46038171173771536 0.4388214125056233 0.037015615962984395 0.08636977058029693
1 0.4994216310005784 0.4784075573549258 0.028340080971659916 0.12030075187969935
1 0.5274725392744306 0.4814922012767445 0.02891844997108152 0.09562367457104301
1 0.5462695199537305 0.49537304800462695 0.02486986697513011 0.09459546301651564
1 0.563909754766252 0.5035987404408458 0.020821283979178703 0.08842619368935146
1 0.575477154424523 0.5107962213225372 0.017351069982648893 0.0884261936893516
1 0.6578947368421053 0.5210783368678106 0.015615962984383884 0.059636270162585846
1 0.7012724117987277 0.5241629715313927 0.013302486986697488 0.07403123192596879
1 0.7351069982648931 0.5215924426450743 0.01272411798727589 0.07711586658955077
1 0.7585309427414691 0.5251911830859199 0.013302486986697346 0.08636977058029693
1 0.9566223289773456 0.25477146092109926 0.06015037593984971 0.11721611721611726
1 0.8944476694074553 0.38946727640478374 0.052631578947368494 0.1789088104877579
1 0.8554077658804634 0.4167148733415218 0.03817235396182767 0.11207505944348056
1 0.8311162757726904 0.43727914146501506 0.03470213996529793 0.09356725146198834
1 0.7683632275335398 0.5221066039717575 0.012145748987854432 0.08431334747124217
1 0.8102949681897053 0.4527022684917422 0.017351069982648966 0.07711586658955084
1 0.7964141043356512 0.46863957536162587 0.017351069982648966 0.07197480881691405
1 0.7900520650118513 0.47789347935237203 0.015037593984962428 0.05141057772636721
1 0.7727010265009437 0.5200502086374126 0.009253903990746153 0.09459546301651557
1 0.7805089647194912 0.5159372790951738 0.0052053209947945335 0.11310327099800765
