1 0.2781431136592742 0.2847782258064516 0.05690051663306456 0.29939516129032256
1 0.3748739919354838 0.26814516129032256 0.050875756048387115 0.3326612903225806
1 0.3916094380040323 0.2777217741935484 0.06024760584677416 0.2933467741935484
1 0.3236645742170093 0.3155240775629884 0.0528840095766129 0.23387096774193553
1 0.6061578566028225 0.3009072580645162 0.059578188004032244 0.22479838709677424
1 0.6854838709677421 0.3004032258064516 0.0749747983870968 0.22580645161290328
1 0.8026319934475807 0.28780241935483875 0.1004126764112904 0.31552419354838707
1 0.8849702833797103 0.31502021928302193 0.033470892137096794 0.1804435483870968
1 0.9268090032762097 0.3089717741935484 0.05690051663306463 0.1905241935483871
1 0.8093258804659473 0.3009072928601358 0.03480972782258064 0.2590725806451613
1 0.7487438571068549 0.2918346774193548 0.028784967237903344 0.2872983870967742
