1 0.06667168438434601 0.4360095262527466 0.1143031194806099 0.8720190525054932
1 0.08613712340593338 0.4255397617816925 0.1529322862625122 0.851079523563385
1 0.6981452703475952 0.481643944978714 0.11637306213378906 0.7138246893882751
1 0.6720135807991028 0.46080315113067627 0.06615108996629715 0.6957498788833618
1 0.9484700560569763 0.44278234243392944 0.10305976867675781 0.8246071934700012
1 0.3638817369937897 0.4337710738182068 0.11203525960445404 0.8675421476364136
1 0.6765909790992737 0.4208167791366577 0.1051042377948761 0.655420184135437
1 0.6329879760742188 0.4676072299480438 0.13241852819919586 0.7163040637969971
1 0.4024614989757538 0.443584680557251 0.1378842443227768 0.8144315481185913
1 0.6105133891105652 0.46078312397003174 0.1308608204126358 0.7295629978179932
1 0.697113037109375 0.36581289768218994 0.1246275007724762 0.543297529220581