1 0.0647449716925621 0.48167189955711365 0.11257841438055038 0.7529106140136719
1 0.10340657085180283 0.5193979144096375 0.1499793976545334 0.731350302696228
1 0.8901453018188477 0.3866695463657379 0.1322917938232422 0.7733390927314758
1 0.4912017285823822 0.7327743768692017 0.020470237359404564 0.0822756439447403
1 0.5168060064315796 0.7463086247444153 0.010703468695282936 0.04539655148983002
1 0.618191123008728 0.7182298302650452 0.0288512222468853 0.15094426274299622
1 0.6550919413566589 0.7207801938056946 0.023066138848662376 0.1450047791004181
1 0.15742653608322144 0.4614192843437195 0.11211087554693222 0.7170600891113281
1 0.5701702833175659 0.7413854598999023 0.01626615598797798 0.06015383452177048
1 0.544762909412384 0.7441451549530029 0.009295177645981312 0.05093943327665329
1 0.55253005027771 0.7443739771842957 0.019381141290068626 0.062074024230241776
1 0.6150097846984863 0.7182998657226562 0.015028571709990501 0.14561106264591217