1 0.5727396607398987 0.4793117940425873 0.052358806133270264 0.5489818453788757
1 0.6095429062843323 0.49823227524757385 0.11351776123046875 0.5968628525733948
1 0.5022493600845337 0.5995823740959167 0.024123569950461388 0.172093465924263
1 0.06742587685585022 0.44789132475852966 0.11425302922725677 0.8957826495170593
1 0.5360888242721558 0.5473329424858093 0.026240438222885132 0.3358590304851532
1 0.4978151321411133 0.5945205688476562 0.023975389078259468 0.15104836225509644
1 0.5232827067375183 0.5724995732307434 0.024031439796090126 0.25887760519981384
1 0.5176313519477844 0.5962563157081604 0.024903394281864166 0.1942468285560608
1 0.450077623128891 0.5998384356498718 0.03485392406582832 0.11115454882383347
1 0.5125759840011597 0.5959935784339905 0.018108926713466644 0.18018849194049835
1 0.6261951327323914 0.40801241993904114 0.14760932326316833 0.8160248398780823
1 0.4441455006599426 0.5798791646957397 0.03459184616804123 0.154456228017807
1 0.3130814731121063 0.5659277439117432 0.020423617213964462 0.3821767568588257
1 0.4439640939235687 0.5980924367904663 0.032800767570734024 0.11362506449222565
1 0.5537171959877014 0.5565646290779114 0.04694858193397522 0.3356804847717285