1 0.46134740114212036 0.35440072417259216 0.1100643053650856 0.6763474345207214
1 0.9056994915008545 0.4261600971221924 0.10524249821901321 0.6132078170776367
1 0.7057099938392639 0.4807714521884918 0.03646775335073471 0.11018041521310806
1 0.5712085962295532 0.5793442130088806 0.019393516704440117 0.13814020156860352
1 0.6990857720375061 0.46271219849586487 0.01409170776605606 0.07167262583971024
1 0.7055065631866455 0.5417453050613403 0.03546733409166336 0.2308608442544937
1 0.7010592818260193 0.47176581621170044 0.020348507910966873 0.09017714112997055
1 0.574946939945221 0.5820960402488708 0.01508577261120081 0.13605079054832458
1 0.6995489597320557 0.5386770367622375 0.0210508294403553 0.22297698259353638
1 0.8656321167945862 0.42898029088974 0.0376812107861042 0.6402747631072998
1 0.6827178597450256 0.5160806775093079 0.009506992064416409 0.09862110763788223
1 0.7913566827774048 0.53871750831604 0.016334569081664085 0.2985614836215973
1 0.7438167929649353 0.5639326572418213 0.018085302785038948 0.20226110517978668
1 0.8692100644111633 0.44756370782852173 0.056358691304922104 0.6863278150558472
1 0.5659957528114319 0.5756532549858093 0.01847274973988533 0.1417480856180191
1 0.6843725442886353 0.5057373642921448 0.00910254381597042 0.07971024513244629