1 0.230789452791214 0.5483030080795288 0.023445606231689453 0.18362455070018768
1 0.32573795318603516 0.5430182218551636 0.025670241564512253 0.2090134620666504
1 0.44355058670043945 0.5311742424964905 0.0272077564150095 0.24649356305599213
1 0.19123466312885284 0.5659995675086975 0.018007898703217506 0.1185467466711998
1 0.12042410671710968 0.49661269783973694 0.011463165283203125 0.025325434282422066
1 0.9014169573783875 0.654474675655365 0.01426010113209486 0.17876408994197845
1 0.9016620516777039 0.6292507648468018 0.013706398196518421 0.12219897657632828
1 0.31895968317985535 0.5469340085983276 0.018887758255004883 0.20124544203281403
1 0.1203957349061966 0.5130833983421326 0.013977098278701305 0.06262565404176712
1 0.15000632405281067 0.5416454076766968 0.01404480915516615 0.12628933787345886
1 0.1864633858203888 0.513529896736145 0.017612814903259277 0.08105561882257462