1 0.49730539321899414 0.47579988837242126 0.024174481630325317 0.11760897189378738
1 0.8530619144439697 0.41649681329727173 0.039961040019989014 0.11708315461874008
1 0.525882363319397 0.47484806180000305 0.026861190795898438 0.08669037371873856
1 0.734510064125061 0.5154432654380798 0.012514889240264893 0.06727668642997742
1 0.7019404768943787 0.5166860222816467 0.010259509086608887 0.06252135336399078
1 0.8280156850814819 0.4422406256198883 0.03141361474990845 0.10286516696214676
1 0.8943808674812317 0.3823266625404358 0.05067121982574463 0.16611330211162567
1 0.46041548252105713 0.43200603127479553 0.0338539183139801 0.08056208491325378
1 0.7724123001098633 0.5077375173568726 0.014388680458068848 0.06920740008354187
1 0.8199962377548218 0.44149649143218994 0.021072804927825928 0.09907647967338562
1 0.5707612037658691 0.48846280574798584 0.010030031204223633 0.06450176239013672
1 0.7981472015380859 0.46977096796035767 0.01769232749938965 0.06624279916286469
1 0.8388128280639648 0.4319190979003906 0.020661115646362305 0.10515329241752625
1 0.575721263885498 0.499545156955719 0.016303062438964844 0.061472468078136444
1 0.7778934240341187 0.5033113956451416 0.010302960872650146 0.07172208279371262
1 0.6996380090713501 0.5175631642341614 0.012939035892486572 0.0585237592458725
1 0.5496010780334473 0.48291581869125366 0.017523527145385742 0.06821134686470032
1 0.6552219390869141 0.5128729343414307 0.011646866798400879 0.05266337841749191
1 0.41024380922317505 0.4037827253341675 0.03817632794380188 0.09072653204202652
1 0.7582809925079346 0.5137073993682861 0.013260483741760254 0.0726272240281105
1 0.7726926803588867 0.5063393712043762 0.011550664901733398 0.059493858367204666
1 0.5539401769638062 0.48308292031288147 0.018265187740325928 0.07363976538181305
1 0.7798913717269897 0.4977410137653351 0.008680760860443115 0.05933072790503502
1 0.5919266939163208 0.5128923058509827 0.01126939058303833 0.08046600222587585
1 0.8077055215835571 0.46226009726524353 0.012635409832000732 0.07641821354627609
1 0.5934265851974487 0.5177282691001892 0.012064158916473389 0.08088159561157227
1 0.5825570225715637 0.5051032304763794 0.01649320125579834 0.07641622424125671
1 0.8045493364334106 0.46309131383895874 0.01621532440185547 0.0765904039144516
1 0.7367116808891296 0.5180437564849854 0.016939163208007812 0.07746055722236633
1 0.20752668380737305 0.33759668469429016 0.06458598375320435 0.20893621444702148
1 0.796912431716919 0.4827185869216919 0.017316699028015137 0.0893002599477768
1 0.7355852127075195 0.5175966024398804 0.006983399391174316 0.06709490716457367
1 0.9670363664627075 0.3428992033004761 0.06592720746994019 0.3007267415523529
1 0.33426612615585327 0.3491605222225189 0.048103541135787964 0.07878351211547852
1 0.7034053802490234 0.526449978351593 0.008075714111328125 0.07700231671333313
1 0.8045729398727417 0.47105005383491516 0.01249164342880249 0.07926532626152039
1 0.7247452735900879 0.521061897277832 0.016974687576293945 0.07001309841871262
1 0.8919927477836609 0.35895925760269165 0.04554271697998047 0.11806946247816086
1 0.9010200500488281 0.383653849363327 0.034779906272888184 0.16009722650051117