1 0.1837090700864792 0.33363327383995056 0.022269198670983315 0.18325170874595642
1 0.28597697615623474 0.2835705578327179 0.026723505929112434 0.11563125997781754
1 0.8338251113891602 0.20847897231578827 0.07602522522211075 0.41695794463157654
1 0.234959676861763 0.32755133509635925 0.03151707351207733 0.1899821013212204
1 0.8117735981941223 0.2216482013463974 0.02597993239760399 0.4267318546772003
1 0.15454119443893433 0.34451261162757874 0.024262793362140656 0.18283846974372864
1 0.20380635559558868 0.398922324180603 0.016283556818962097 0.06188521534204483
1 0.7524862289428711 0.3797363042831421 0.017280204221606255 0.0883549377322197
1 0.5147488713264465 0.2751723527908325 0.04362829402089119 0.1588917076587677
1 0.7305580377578735 0.26933756470680237 0.02436501905322075 0.3421853184700012
1 0.2311696708202362 0.3955494463443756 0.024044808000326157 0.3236309587955475