1 0.09920429438352585 0.46326977014541626 0.025335388258099556 0.04749366641044617
1 0.14037193357944489 0.46259787678718567 0.02284442074596882 0.045972082763910294
1 0.059905756264925 0.4651165306568146 0.02176494523882866 0.04698345437645912
1 0.17609097063541412 0.4648289382457733 0.01796904020011425 0.05289066210389137
1 0.019548332318663597 0.46572574973106384 0.026361679658293724 0.04941650107502937
1 0.17795926332473755 0.46682557463645935 0.025409651920199394 0.060376882553100586
1 0.2581559717655182 0.4869930148124695 0.0256634671241045 0.05899760499596596
1 0.13190214335918427 0.4640112817287445 0.03203876316547394 0.04574653506278992
1 0.09460902214050293 0.46420013904571533 0.027879638597369194 0.04754606634378433
1 0.0949401706457138 0.4671882092952728 0.02053067833185196 0.053308408707380295
1 0.05581727623939514 0.4664802849292755 0.024892115965485573 0.04993511736392975
1 0.14402224123477936 0.46401962637901306 0.030561570078134537 0.05008985474705696