1 0.6734240055084229 0.48276740312576294 0.034466564655303955 0.19523607194423676
1 0.8966970443725586 0.5222517848014832 0.020456889644265175 0.18678545951843262
1 0.06298340111970901 0.5008918046951294 0.024215592071413994 0.35429859161376953
1 0.7331277132034302 0.48266130685806274 0.020204562693834305 0.1488776057958603
1 0.07315973937511444 0.5045782923698425 0.048338767141103745 0.35599392652511597
1 0.22794181108474731 0.547782301902771 0.017891984432935715 0.2014131247997284
1 0.7931869029998779 0.45167067646980286 0.049939338117837906 0.22389419376850128
1 0.7949899435043335 0.48522597551345825 0.03152375668287277 0.15615619719028473
1 0.7938482761383057 0.4564058184623718 0.03419804573059082 0.2045816034078598
1 0.667687177658081 0.4867923855781555 0.02842390350997448 0.18716223537921906
1 0.8177034258842468 0.5031337141990662 0.023722030222415924 0.16028699278831482
1 0.22542151808738708 0.547071099281311 0.025432579219341278 0.19293750822544098
1 0.06942657381296158 0.5105995535850525 0.028896095231175423 0.3415156602859497
1 0.059304215013980865 0.5211841464042664 0.025742407888174057 0.3936532735824585