1 0.5548144578933716 0.39667749404907227 0.11496563255786896 0.5506497025489807
1 0.5272043347358704 0.3977109491825104 0.06775941699743271 0.5918676853179932
1 0.6787910461425781 0.4596864581108093 0.049223899841308594 0.5196067690849304
1 0.048981182277202606 0.40134042501449585 0.025227105244994164 0.026899563148617744
1 0.6848856806755066 0.4052005708217621 0.04963226243853569 0.42241525650024414
1 0.04647300764918327 0.4403980076313019 0.020193492993712425 0.10109893232584
1 0.5397263765335083 0.40005961060523987 0.07424698024988174 0.5749843120574951
1 0.7078916430473328 0.4453386068344116 0.10990314185619354 0.4827669560909271
1 0.6872711181640625 0.4414432644844055 0.0730438232421875 0.4942292869091034
1 0.7914880514144897 0.3625469207763672 0.015501785092055798 0.23881129920482635
1 0.7923939824104309 0.3629245162010193 0.02332916297018528 0.24180857837200165