1 0.18522003293037415 0.4779556393623352 0.15150362253189087 0.9559112787246704
1 0.21648621559143066 0.4896641671657562 0.12066876888275146 0.9793283343315125
1 0.4080594778060913 0.3896860182285309 0.11000308394432068 0.6325611472129822
1 0.3967522084712982 0.443939745426178 0.06670886278152466 0.7550148367881775
1 0.5423551201820374 0.582400381565094 0.03560340404510498 0.18670254945755005
1 0.12514257431030273 0.49176159501075745 0.10966324806213379 0.9835231900215149
1 0.16792304813861847 0.48303332924842834 0.11208505183458328 0.9588280916213989
1 0.464241623878479 0.5430184602737427 0.028920739889144897 0.24855077266693115
1 0.5376752614974976 0.566861093044281 0.024312496185302734 0.20812326669692993
1 0.8354110717773438 0.5784531235694885 0.019429445266723633 0.3520219922065735
1 0.4084045886993408 0.4196418225765228 0.08226525783538818 0.7237851619720459
1 0.8354795575141907 0.5188370943069458 0.02424466609954834 0.23871482908725739
1 0.4620732367038727 0.5459915399551392 0.017255783081054688 0.2448461502790451
1 0.48389238119125366 0.5343862771987915 0.029668331146240234 0.27338385581970215
1 0.43054282665252686 0.5654820799827576 0.03463497757911682 0.21853375434875488
1 0.5558013916015625 0.5878741145133972 0.0226590633392334 0.17277415096759796