1 0.1663244068622589 0.560280978679657 0.02032475732266903 0.05648850277066231
1 0.13433855772018433 0.575453519821167 0.010326041840016842 0.0401926152408123
1 0.19458284974098206 0.5461214780807495 0.0316433347761631 0.06839035451412201
1 0.1421636939048767 0.5746992826461792 0.021501325070858 0.04827866703271866
1 0.18589267134666443 0.549506425857544 0.011235288344323635 0.06586089730262756
1 0.14482733607292175 0.5738730430603027 0.0176142118871212 0.03980989381670952
1 0.38386327028274536 0.5086821913719177 0.025059686973690987 0.3290480673313141
1 0.16336295008659363 0.5633910298347473 0.01652783714234829 0.053262464702129364
1 0.09618455171585083 0.5887506604194641 0.016319643706083298 0.058612119406461716
1 0.37873953580856323 0.5075377821922302 0.04197639599442482 0.33753782510757446
1 0.18840721249580383 0.5494060516357422 0.017127634957432747 0.06831227988004684
1 0.13593745231628418 0.5778751373291016 0.014524027705192566 0.05015917867422104