1 0.2539610266685486 0.39343151450157166 0.023783111944794655 0.2480219155550003
1 0.6169249415397644 0.3466202914714813 0.02204265631735325 0.13558629155158997
1 0.6184623837471008 0.3600369393825531 0.028304481878876686 0.16627758741378784
1 0.07013840228319168 0.28434038162231445 0.04762990400195122 0.5650984048843384
1 0.20170637965202332 0.35356634855270386 0.03645291179418564 0.32497885823249817
1 0.6153279542922974 0.34496986865997314 0.013742255978286266 0.12229037284851074
1 0.7055262923240662 0.38059476017951965 0.03800172731280327 0.3588341772556305
1 0.7152299880981445 0.2915540933609009 0.030605316162109375 0.18331344425678253
1 0.7151041030883789 0.3844228684902191 0.029787063598632812 0.36261093616485596
1 0.2872146666049957 0.4153814911842346 0.01525130309164524 0.15847733616828918
1 0.7044294476509094 0.291392982006073 0.04726829379796982 0.18218284845352173