1 0.573877215385437 0.6147450804710388 0.01258697547018528 0.16473187506198883
1 0.8473499417304993 0.6291009783744812 0.013820266351103783 0.09394674748182297
1 0.26284027099609375 0.5535986423492432 0.014598083682358265 0.3905414044857025
1 0.5367997884750366 0.6247274279594421 0.011970234103500843 0.38040268421173096
1 0.526176929473877 0.6076585650444031 0.012891101650893688 0.1895798295736313
1 0.7399536371231079 0.5406971573829651 0.017863845452666283 0.44665002822875977
1 0.40480583906173706 0.5730728507041931 0.011497688479721546 0.0758451595902443
1 0.6296387910842896 0.4924740493297577 0.035784147679805756 0.6688369512557983
1 0.5010965466499329 0.5886832475662231 0.010819816961884499 0.21874482929706573
1 0.5381537675857544 0.5625090599060059 0.012920570559799671 0.2679525911808014
1 0.3554154634475708 0.5930373668670654 0.01265416108071804 0.07111845165491104
1 0.23627090454101562 0.5722852349281311 0.012079810723662376 0.2620049715042114
1 0.026022201403975487 0.5973918437957764 0.012334142811596394 0.19432246685028076
1 0.26342806220054626 0.4842146933078766 0.013919830322265625 0.2631402909755707
1 0.15850210189819336 0.6110777854919434 0.017702817916870117 0.174703910946846
1 0.1908462941646576 0.6395167708396912 0.014142775908112526 0.14084817469120026
1 0.3485901355743408 0.5839829444885254 0.011774063110351562 0.13466136157512665
1 0.5713911652565002 0.616880476474762 0.015518570318818092 0.16750262677669525
1 0.7139701843261719 0.6253075003623962 0.012718391604721546 0.1341986060142517
1 0.3586196303367615 0.5885575413703918 0.012022018432617188 0.06969252973794937
1 0.27873748540878296 0.5867303609848022 0.013158989138901234 0.2126207798719406
1 0.3461912274360657 0.572287380695343 0.01203079242259264 0.10995347052812576
1 0.47606319189071655 0.6043224334716797 0.01342086773365736 0.11359407007694244
1 0.713558554649353 0.6333432197570801 0.008716869167983532 0.13821762800216675
1 0.16137200593948364 0.6164690256118774 0.014026189222931862 0.19073256850242615
1 0.052727699279785156 0.624061644077301 0.01325254701077938 0.13270331919193268
1 0.5269355773925781 0.6034718751907349 0.01811809465289116 0.1834321916103363
1 0.4284312129020691 0.3612542450428009 0.14215421676635742 0.7141153216362
1 0.2984514534473419 0.6273108124732971 0.012786674313247204 0.10042551904916763
1 0.5030543208122253 0.5811444520950317 0.010106277652084827 0.19617822766304016
1 0.161198690533638 0.6040802597999573 0.010299419984221458 0.1634598970413208
1 0.23513579368591309 0.5701245665550232 0.0178954117000103 0.25240522623062134
1 0.7541878819465637 0.655807375907898 0.015188979916274548 0.0956135094165802
1 0.5231380462646484 0.6022894382476807 0.01936931535601616 0.17278316617012024
1 0.26253825426101685 0.5372748970985413 0.009624767117202282 0.35374122858047485
1 0.02501601353287697 0.5644216537475586 0.013576775789260864 0.1275995969772339
1 0.4742719531059265 0.584797739982605 0.013428116217255592 0.07373305410146713
1 0.6594897508621216 0.42336955666542053 0.10675621032714844 0.6705437302589417