1 0.8519465327262878 0.4253213405609131 0.11367206275463104 0.6258558034896851
1 0.8055669665336609 0.47380319237709045 0.039743758738040924 0.7268043756484985
1 0.05811892822384834 0.37913116812705994 0.11454322189092636 0.6226665377616882
1 0.17590340971946716 0.5092427134513855 0.01569538190960884 0.157723069190979
1 0.820351243019104 0.4782452881336212 0.06665043532848358 0.7315472960472107
1 0.46956902742385864 0.6373751163482666 0.012422943487763405 0.06892198324203491
1 0.2528647780418396 0.5203695297241211 0.015620088204741478 0.13933812081813812
1 0.02876446209847927 0.379957914352417 0.039960991591215134 0.6100234985351562
1 0.41046324372291565 0.608538806438446 0.01563110388815403 0.12386263161897659
1 0.07903437316417694 0.5077048540115356 0.02277352847158909 0.21980661153793335
1 0.41302624344825745 0.6122928261756897 0.008517647162079811 0.12311916798353195
1 0.34065452218055725 0.5850751996040344 0.02308373525738716 0.18206873536109924
1 0.4701315760612488 0.6351452469825745 0.009785080328583717 0.08488260954618454
1 0.4133245348930359 0.6079518795013428 0.012481117621064186 0.1192476898431778
1 0.17296946048736572 0.5048252940177917 0.01819601096212864 0.1620636284351349