1 0.12352514266967773 0.620561957359314 0.03811803087592125 0.2014458030462265
1 0.045824114233255386 0.6424593329429626 0.031427595764398575 0.13127224147319794
1 0.6580893397331238 0.641533374786377 0.018177082762122154 0.146748885512352
1 0.298022598028183 0.6721230149269104 0.014305352233350277 0.07830260694026947
1 0.65994793176651 0.6459645628929138 0.014805976301431656 0.12013265490531921
1 0.11354059725999832 0.6230813264846802 0.0222092866897583 0.19225700199604034
1 0.16986894607543945 0.6422625780105591 0.009958377107977867 0.07263878732919693
1 0.3396024703979492 0.6169107556343079 0.023391012102365494 0.1637057214975357
1 0.48494818806648254 0.5917251706123352 0.02182379737496376 0.20965005457401276
1 0.6629288792610168 0.6412980556488037 0.016783922910690308 0.12903587520122528
1 0.2278444916009903 0.6465957760810852 0.0146933663636446 0.11374523490667343
1 0.01776123046875 0.6525710225105286 0.011388817802071571 0.06527244299650192
1 0.9318317174911499 0.6138941049575806 0.01887037418782711 0.19570784270763397
1 0.22437717020511627 0.6450445652008057 0.015157267451286316 0.10742302238941193
1 0.33945006132125854 0.6238865852355957 0.013061998412013054 0.17560188472270966
1 0.5630395412445068 0.659468412399292 0.008035854436457157 0.08836331218481064
1 0.3199462294578552 0.6176126003265381 0.017500780522823334 0.16973412036895752
1 0.6624194383621216 0.6432897448539734 0.010261298157274723 0.13793516159057617