1 0.39006829261779785 0.2602003216743469 0.04749889299273491 0.3030487895011902
1 0.8932451009750366 0.32193323969841003 0.04399509355425835 0.19193458557128906
1 0.283530056476593 0.28043633699417114 0.06783638149499893 0.3005804121494293
1 0.9317053556442261 0.3140853941440582 0.04707660526037216 0.2057681828737259
1 0.3246362805366516 0.3127841353416443 0.04568910598754883 0.211007222533226
1 0.7494674324989319 0.29000774025917053 0.025572394952178 0.2867319583892822
1 0.6951333284378052 0.3116561472415924 0.06049041822552681 0.24179819226264954
1 0.2883627712726593 0.3171292543411255 0.06515975296497345 0.21877741813659668
1 0.38309812545776367 0.2615438997745514 0.0351688377559185 0.3188156187534332
1 0.7549616098403931 0.28821831941604614 0.027253055945038795 0.28529635071754456
1 0.5860189199447632 0.3048188388347626 0.06560821831226349 0.23156319558620453