1 0.15704986453056335 0.31459754705429077 0.06383772194385529 0.6087743043899536
1 0.32164904475212097 0.5166760087013245 0.011243998073041439 0.06843749433755875
1 0.49605855345726013 0.4847599267959595 0.018330959603190422 0.19697321951389313
1 0.06019378826022148 0.4968535900115967 0.019919276237487793 0.1202181726694107
1 0.9447112083435059 0.4893488585948944 0.021626316010951996 0.1595357060432434
1 0.5944878458976746 0.503322958946228 0.016911689192056656 0.08741243183612823
1 0.8811376094818115 0.4971604347229004 0.01152954064309597 0.09913158416748047
1 0.2859167158603668 0.5134676694869995 0.014019452966749668 0.07380560040473938
1 0.21283213794231415 0.524946928024292 0.013082207180559635 0.10524027049541473
1 0.06312069296836853 0.5008556246757507 0.019860563799738884 0.13003037869930267
1 0.2890681326389313 0.5144860148429871 0.024998864158988 0.07981527596712112
1 0.1090063825249672 0.5064624547958374 0.011167526245117188 0.08422374725341797
1 0.15822133421897888 0.324739009141922 0.1078941598534584 0.6080263257026672
1 0.6658802628517151 0.5256925821304321 0.014749281108379364 0.1232367753982544
1 0.08836997300386429 0.4873894453048706 0.014492636546492577 0.1311444193124771
1 0.9080982804298401 0.49832043051719666 0.013915812596678734 0.07420278340578079
1 0.6687756180763245 0.5239249467849731 0.014248047024011612 0.1155342310667038
1 0.5937729477882385 0.5019603967666626 0.013751966878771782 0.07371728867292404
1 0.37697649002075195 0.5141288042068481 0.0116113955155015 0.09623312950134277
1 0.8833001852035522 0.5034745335578918 0.011297200806438923 0.10976863652467728
1 0.45680534839630127 0.524834394454956 0.017158135771751404 0.09740227460861206
1 0.29609137773513794 0.5138751268386841 0.02979232743382454 0.07571583241224289
1 0.32068127393722534 0.5144942998886108 0.015756191685795784 0.0648631826043129
1 0.212568461894989 0.5259957909584045 0.008125017397105694 0.09634095430374146
1 0.11096832156181335 0.5092694163322449 0.01674065552651882 0.08992044627666473
1 0.9341071248054504 0.48374202847480774 0.0236324742436409 0.12544043362140656