1 0.30198153853416443 0.2652301490306854 0.014061450958251953 0.21749860048294067
1 0.33658480644226074 0.2994277775287628 0.01918768882751465 0.12882880866527557
1 0.374292254447937 0.2753010392189026 0.018263638019561768 0.1704186052083969
1 0.45424097776412964 0.21130502223968506 0.035615354776382446 0.30082130432128906
1 0.30378586053848267 0.2755887508392334 0.015718668699264526 0.24601343274116516
1 0.4073079228401184 0.2836274206638336 0.03151389956474304 0.1748792976140976
1 0.36901211738586426 0.29053372144699097 0.01300060749053955 0.13012680411338806
1 0.46591341495513916 0.21555808186531067 0.056070417165756226 0.3017299473285675
1 0.37879741191864014 0.2776044011116028 0.03295126557350159 0.16929560899734497
1 0.4146153926849365 0.2844427525997162 0.021420776844024658 0.17850032448768616
1 0.3699797987937927 0.2764401137828827 0.01358795166015625 0.1688336879014969
1 0.47645896673202515 0.21555812656879425 0.04531261324882507 0.29380354285240173