0 0.199462890625 0.6695963541666666 0.18505859375 0.15169270833333334
0 0.456298828125 0.6910807291666666 0.18798828125 0.16471354166666666
0 0.220458984375 0.7578125 0.21533203125 0.20052083333333334
0 0.609130859375 0.4381510416666667 0.06884765625 0.0546875
0 0.569580078125 0.4456380208333333 0.07275390625 0.056640625
0 0.434814453125 0.4459635416666667 0.06298828125 0.055989583333333336
0 0.534912109375 0.4576822916666667 0.07568359375 0.0625
0 0.4853515625 0.4697265625 0.0732421875 0.06575520833333333
0 0.95361328125 0.4954427083333333 0.0927734375 0.057291666666666664
0 0.478271484375 0.5182291666666666 0.10791015625 0.07942708333333333
0 0.18310546875 0.6070963541666666 0.1591796875 0.12174479166666667
0 0.39697265625 0.6240234375 0.1640625 0.134765625